1, 110 -0.4 400;
2, 220 -0.38 380;
3, 330 -0.36 360;
4, 440 -0.35 350;
5, 550 -0.34 340;
6, 660 -0.33 330;
7, 770 -0.32 320;
8, 880 -0.31 310;
9, 990 -0.3 300;
10, 1100 -0.29 290;
11, 1210 -0.28 280;
12, 1320 -0.27 270;
13, 1430 -0.27 270;
14, 1540 -0.26 260;
15, 1650 -0.26 260;
16, 1760 -0.25 250;
17, 1870 -0.25 250;
18, 1980 -0.24 240;
19, 2090 -0.24 240;
20, 2200 -0.23 230;
21, 2310 -0.23 230;
22, 2420 -0.22 220;
23, 2530 -0.21 210;
24, 2640 -0.21 210;
25, 2750 -0.21 210;
26, 2860 -0.2 200;
27, 2970 -0.2 200;
28, 3080 -0.19 190;
29, 3190 -0.19 190;
30, 3300 -0.18 180;
31, 3410 -0.18 180;
